2.910000085830688477e-01
2.829999923706054688e-01
2.829999923706054688e-01
2.840000092983245850e-01
2.849999964237213135e-01
2.860000133514404297e-01
2.870000004768371582e-01
2.879999876022338867e-01
2.899999916553497314e-01
2.919999957084655762e-01
2.939999997615814209e-01
2.969999909400939941e-01
3.000000119209289551e-01
3.030000030994415283e-01
3.059999942779541016e-01
3.100000023841857910e-01
nan
3.140000104904174805e-01
3.190000057220458984e-01
3.240000009536743164e-01
3.289999961853027344e-01
3.359999954700469971e-01
3.420000076293945312e-01
3.490000069141387939e-01
3.569999933242797852e-01
3.650000095367431641e-01
3.740000128746032715e-01
3.849999904632568359e-01
3.950000107288360596e-01
4.079999923706054688e-01
4.199999868869781494e-01
4.359999895095825195e-01
4.519999921321868896e-01
nan
4.690000116825103760e-01
4.889999926090240479e-01
5.109999775886535645e-01
5.339999794960021973e-01
5.609999895095825195e-01
5.929999947547912598e-01
6.280000209808349609e-01
6.669999957084655762e-01
7.160000205039978027e-01
7.720000147819519043e-01
8.330000042915344238e-01
9.110000133514404297e-01
1.001000046730041504e+00
nan
1.111999988555908203e+00
1.263000011444091797e+00
1.468999981880187988e+00
1.753000020980834961e+00
1.245000004768371582e+00
1.200000047683715820e+00
1.199000000953674316e+00
1.419000029563903809e+00
1.398000001907348633e+00
1.401000022888183594e+00
1.416000008583068848e+00
1.425999999046325684e+00
1.480000019073486328e+00
1.542999982833862305e+00
1.286000013351440430e+00
1.309999942779541016e+00
1.358999967575073242e+00
3.273000001907348633e+00
nan
1.281999945640563965e+00
1.559999942779541016e+00
1.669999957084655762e+00
1.656999945640563965e+00
1.722000002861022949e+00
1.764000058174133301e+00
3.789000034332275391e+00
1.705000042915344238e+00
1.695999979972839355e+00
4.040999889373779297e+00
3.823999881744384766e+00
nan
4.249000072479248047e+00
4.368999958038330078e+00
4.492000102996826172e+00
4.622000217437744141e+00
4.763000011444091797e+00
4.952000141143798828e+00
5.133999824523925781e+00
3.977999925613403320e+00
3.078999996185302734e+00
2.757999897003173828e+00
2.311000108718872070e+00
2.907000064849853516e+00
2.459000110626220703e+00
2.821000099182128906e+00
4.657000064849853516e+00
3.089999914169311523e+00
5.408999919891357422e+00
4.497000217437744141e+00
6.403999805450439453e+00
7.453000068664550781e+00
5.888999938964843750e+00
nan
nan
nan
2.058000087738037109e+00
1.960999965667724609e+00
2.075000047683715820e+00
1.702999949455261230e+00
1.707000017166137695e+00
1.718999981880187988e+00
1.756999969482421875e+00
1.822000026702880859e+00
1.769000053405761719e+00
1.784000039100646973e+00
2.259999990463256836e+00
3.207000017166137695e+00
3.128000020980834961e+00
3.105000019073486328e+00
3.003999948501586914e+00
3.032999992370605469e+00
3.197999954223632812e+00
3.144999980926513672e+00
3.407000064849853516e+00
3.364000082015991211e+00
6.341000080108642578e+00
5.940999984741210938e+00
5.377999782562255859e+00
2.688999891281127930e+00
2.760999917984008789e+00
2.769999980926513672e+00
2.539000034332275391e+00
2.568000078201293945e+00
3.578000068664550781e+00
2.640000104904174805e+00
2.578000068664550781e+00
3.153000116348266602e+00
3.565999984741210938e+00
4.356999874114990234e+00
4.409999847412109375e+00
4.302999973297119141e+00
1.827000021934509277e+00
1.748999953269958496e+00
1.743000030517578125e+00
1.787999987602233887e+00
1.833999991416931152e+00
3.226999998092651367e+00
3.332999944686889648e+00
nan
4.050000011920928955e-01
3.919999897480010986e-01
3.799999952316284180e-01
3.569999933242797852e-01
3.529999852180480957e-01
3.639999926090240479e-01
3.650000095367431641e-01
3.680000007152557373e-01
3.709999918937683105e-01
3.729999959468841553e-01
3.729999959468841553e-01
3.750000000000000000e-01
3.720000088214874268e-01
3.689999878406524658e-01
3.670000135898590088e-01
3.639999926090240479e-01
3.619999885559082031e-01
3.610000014305114746e-01
3.589999973773956299e-01
3.580000102519989014e-01
3.569999933242797852e-01
3.560000061988830566e-01
3.540000021457672119e-01
3.529999852180480957e-01
3.519999980926513672e-01
3.510000109672546387e-01
3.510000109672546387e-01
3.510000109672546387e-01
3.529999852180480957e-01
3.549999892711639404e-01
3.580000102519989014e-01
3.630000054836273193e-01
3.689999878406524658e-01
3.750000000000000000e-01
3.829999864101409912e-01
3.919999897480010986e-01
nan
nan
6.510000228881835938e-01
6.209999918937683105e-01
5.899999737739562988e-01
5.640000104904174805e-01
5.400000214576721191e-01
5.180000066757202148e-01
4.990000128746032715e-01
4.810000061988830566e-01
4.650000035762786865e-01
4.359999895095825195e-01
4.219999909400939941e-01
4.110000133514404297e-01
4.000000059604644775e-01
3.899999856948852539e-01
3.810000121593475342e-01
3.720000088214874268e-01
3.650000095367431641e-01
3.580000102519989014e-01
3.510000109672546387e-01
3.449999988079071045e-01
3.389999866485595703e-01
3.339999914169311523e-01
3.289999961853027344e-01
3.240000009536743164e-01
3.199999928474426270e-01
3.170000016689300537e-01
3.129999935626983643e-01
3.100000023841857910e-01
3.059999942779541016e-01
3.039999902248382568e-01
3.009999990463256836e-01
2.989999949932098389e-01
2.969999909400939941e-01
2.960000038146972656e-01
2.949999868869781494e-01
2.930000126361846924e-01
2.919999957084655762e-01
2.910000085830688477e-01
2.910000085830688477e-01
