1.244431614875793457e+00
1.231269836425781250e+00
1.238824963569641113e+00
1.244515061378479004e+00
1.266051292419433594e+00
1.246944785118103027e+00
1.247655391693115234e+00
1.245216131210327148e+00
1.247972488403320312e+00
1.262176156044006348e+00
1.280754089355468750e+00
1.286549210548400879e+00
1.266992211341857910e+00
1.299308538436889648e+00
1.294329762458801270e+00
1.292420864105224609e+00
1.311985731124877930e+00
1.308754324913024902e+00
1.323587894439697266e+00
6.185562610626220703e-01
5.815743207931518555e-01
5.392107367515563965e-01
5.398039817810058594e-01
5.054653882980346680e-01
4.838217496871948242e-01
4.691569805145263672e-01
4.588124454021453857e-01
4.448403120040893555e-01
4.294792413711547852e-01
4.108428955078125000e-01
4.032659828662872314e-01
4.174446165561676025e-01
3.794629871845245361e-01
3.652426600456237793e-01
3.587086200714111328e-01
3.451157212257385254e-01
3.486630022525787354e-01
3.460148572921752930e-01
3.225308656692504883e-01
3.182928860187530518e-01
3.294831514358520508e-01
2.903633117675781250e-01
3.081772029399871826e-01
2.893369197845458984e-01
2.996871769428253174e-01
3.031336963176727295e-01
2.757197618484497070e-01
2.765935063362121582e-01
2.874831557273864746e-01
2.571433782577514648e-01
2.653028070926666260e-01
2.893287241458892822e-01
2.650584876537322998e-01
2.432240545749664307e-01
2.601514756679534912e-01
2.519164383411407471e-01
2.514346837997436523e-01
2.489714771509170532e-01
2.381746917963027954e-01
2.297486215829849243e-01
2.243758589029312134e-01
2.556727230548858643e-01
2.333858907222747803e-01
2.494309246540069580e-01
2.336061447858810425e-01
2.166062742471694946e-01
2.285613864660263062e-01
2.423536777496337891e-01
2.346558570861816406e-01
2.503636777400970459e-01
2.264943718910217285e-01
2.130071222782135010e-01
2.196431308984756470e-01
2.290260791778564453e-01
2.119505107402801514e-01
2.177100926637649536e-01
2.216006517410278320e-01
2.168557047843933105e-01
2.212386280298233032e-01
2.134914249181747437e-01
2.227948904037475586e-01
2.002163827419281006e-01
2.056801170110702515e-01
2.100310176610946655e-01
2.186978161334991455e-01
2.036846727132797241e-01
1.917337626218795776e-01
1.851771920919418335e-01
2.083253711462020874e-01
2.067014276981353760e-01
2.077067345380783081e-01
2.103113383054733276e-01
2.059966176748275757e-01
1.977179348468780518e-01
1.893026232719421387e-01
2.159907817840576172e-01
2.037694454193115234e-01
1.776012629270553589e-01
2.028414011001586914e-01
2.147438228130340576e-01
2.305967360734939575e-01
2.051823139190673828e-01
2.226967960596084595e-01
1.980533897876739502e-01
2.216029614210128784e-01
2.122056186199188232e-01
2.090083062648773193e-01
2.132565230131149292e-01
2.207984626293182373e-01
2.203536182641983032e-01
2.330536693334579468e-01
2.186539173126220703e-01
2.391875237226486206e-01
2.359562069177627563e-01
2.330689281225204468e-01
2.340111881494522095e-01
2.457567155361175537e-01
2.402179837226867676e-01
2.494964748620986938e-01
2.393590211868286133e-01
2.610508501529693604e-01
2.675866782665252686e-01
2.526816427707672119e-01
2.419177889823913574e-01
2.498358786106109619e-01
2.590356171131134033e-01
2.574932575225830078e-01
2.633802592754364014e-01
2.691803276538848877e-01
2.854856252670288086e-01
2.667947709560394287e-01
2.786442339420318604e-01
2.744766175746917725e-01
2.817657589912414551e-01
2.849369645118713379e-01
3.103910088539123535e-01
2.981094419956207275e-01
3.162219822406768799e-01
3.188901543617248535e-01
3.216003477573394775e-01
3.343530297279357910e-01
3.481751382350921631e-01
3.448783457279205322e-01
3.491294682025909424e-01
3.625078201293945312e-01
3.475939929485321045e-01
3.463777899742126465e-01
3.515387773513793945e-01
3.355723321437835693e-01
3.405102789402008057e-01
3.184424340724945068e-01
3.319766223430633545e-01
3.411068618297576904e-01
3.212581276893615723e-01
3.254255056381225586e-01
3.248479664325714111e-01
3.175860047340393066e-01
3.138193786144256592e-01
3.121212422847747803e-01
2.972912192344665527e-01
3.119359016418457031e-01
3.034241497516632080e-01
3.068452477455139160e-01
3.017238974571228027e-01
3.167415559291839600e-01
2.923147976398468018e-01
2.884566783905029297e-01
2.869772315025329590e-01
3.123508691787719727e-01
2.892580330371856689e-01
2.897934019565582275e-01
3.023506999015808105e-01
2.862316966056823730e-01
2.940596342086791992e-01
2.719137966632843018e-01
2.884497642517089844e-01
3.000113666057586670e-01
2.864702343940734863e-01
2.954150736331939697e-01
2.919389307498931885e-01
2.862705886363983154e-01
2.866327464580535889e-01
2.804719805717468262e-01
2.884333431720733643e-01
2.748589813709259033e-01
2.826487123966217041e-01
2.839441597461700439e-01
2.955276966094970703e-01
2.854069173336029053e-01
2.908640503883361816e-01
2.893739938735961914e-01
2.899819314479827881e-01
3.104856312274932861e-01
2.813505232334136963e-01
3.079073727130889893e-01
2.893018126487731934e-01
2.791758477687835693e-01
2.987771630287170410e-01
3.110513091087341309e-01
3.197892904281616211e-01
3.243141472339630127e-01
3.039474189281463623e-01
3.104026019573211670e-01
3.264697790145874023e-01
3.272155523300170898e-01
3.276581764221191406e-01
3.186721503734588623e-01
3.226442635059356689e-01
3.308481574058532715e-01
3.292882144451141357e-01
3.498010039329528809e-01
3.533978462219238281e-01
3.600270748138427734e-01
3.412811160087585449e-01
3.481687307357788086e-01
3.590151965618133545e-01
3.627902865409851074e-01
3.831209540367126465e-01
3.786486387252807617e-01
3.786730170249938965e-01
3.917495608329772949e-01
3.842053711414337158e-01
3.698978126049041748e-01
3.824886679649353027e-01
3.661108911037445068e-01
3.508199453353881836e-01
3.549813330173492432e-01
3.413816094398498535e-01
3.526518940925598145e-01
3.332947492599487305e-01
3.399016261100769043e-01
3.209121823310852051e-01
3.166894018650054932e-01
3.207040727138519287e-01
3.317470848560333252e-01
3.032341003417968750e-01
3.040753602981567383e-01
3.156726360321044922e-01
2.867706716060638428e-01
3.034465014934539795e-01
2.787929177284240723e-01
2.941036522388458252e-01
2.889246046543121338e-01
2.993187308311462402e-01
2.959616482257843018e-01
2.878475785255432129e-01
2.854484915733337402e-01
2.810291647911071777e-01
2.769376635551452637e-01
3.014786243438720703e-01
2.694968581199645996e-01
2.652184367179870605e-01
2.758655250072479248e-01
2.880458235740661621e-01
2.701845765113830566e-01
2.860265672206878662e-01
2.583888471126556396e-01
2.675048410892486572e-01
2.802403569221496582e-01
2.481593191623687744e-01
2.868512272834777832e-01
2.690906822681427002e-01
2.716310322284698486e-01
2.482481449842453003e-01
2.618651092052459717e-01
2.664398252964019775e-01
2.751853764057159424e-01
2.717846632003784180e-01
2.662164270877838135e-01
2.536610662937164307e-01
2.813982665538787842e-01
2.453348785638809204e-01
2.698891758918762207e-01
2.390361577272415161e-01
2.594111263751983643e-01
2.651247084140777588e-01
2.511460483074188232e-01
2.806098759174346924e-01
2.504737973213195801e-01
2.699199020862579346e-01
2.705029547214508057e-01
2.723757326602935791e-01
2.791346013545989990e-01
2.781003713607788086e-01
2.874806821346282959e-01
2.730309665203094482e-01
2.767814397811889648e-01
2.838048040866851807e-01
2.689170837402343750e-01
2.591635286808013916e-01
2.822236120700836182e-01
2.957095503807067871e-01
2.735497653484344482e-01
2.701021432876586914e-01
3.033463954925537109e-01
2.855590581893920898e-01
2.806696891784667969e-01
2.956278920173645020e-01
3.044721782207489014e-01
2.947646677494049072e-01
3.068188130855560303e-01
3.064326643943786621e-01
3.159257173538208008e-01
3.419017791748046875e-01
3.241041600704193115e-01
3.278973698616027832e-01
3.187467157840728760e-01
3.519309163093566895e-01
3.569773435592651367e-01
3.505417704582214355e-01
3.794752955436706543e-01
3.710393309593200684e-01
3.724685311317443848e-01
3.728743791580200195e-01
3.804507851600646973e-01
3.888015449047088623e-01
3.925405144691467285e-01
3.937029540538787842e-01
4.258978664875030518e-01
3.960470855236053467e-01
4.259302318096160889e-01
4.206504225730895996e-01
4.501406252384185791e-01
4.538207054138183594e-01
4.716902673244476318e-01
4.691033661365509033e-01
4.769189357757568359e-01
5.250879526138305664e-01
5.320426225662231445e-01
5.459976196289062500e-01
5.306916236877441406e-01
5.617408156394958496e-01
5.620288252830505371e-01
5.996961593627929688e-01
6.260417699813842773e-01
6.468722224235534668e-01
6.546702384948730469e-01
7.168258428573608398e-01
7.330192923545837402e-01
7.971616387367248535e-01
8.525955677032470703e-01
8.786754608154296875e-01
9.391477108001708984e-01
9.904204010963439941e-01
1.066265583038330078e+00
1.147654891014099121e+00
1.229574561119079590e+00
1.272416949272155762e+00
1.255814433097839355e+00
1.260331749916076660e+00
1.253401398658752441e+00
1.247582674026489258e+00
1.261389255523681641e+00
1.248874783515930176e+00
1.221883654594421387e+00
1.240692019462585449e+00
1.239470362663269043e+00
1.233472704887390137e+00
1.242779612541198730e+00
1.230296254158020020e+00
